1,1,209.0,252.0,92.0,39.0,1,1,0.0
1,2,123.0,340.0,131.0,54.0,1,1,1.0
1,3,735.0,269.0,69.0,36.0,1,1,1.0
2,1,209.0,252.0,92.0,39.10000000000002,1,1,0.0
2,2,100.0,344.0,133.0,54.0,1,1,1.0
2,3,722.0,271.0,70.0,37.0,1,1,1.0
3,1,209.0,252.1,92.0,39.00000000000003,1,1,0.0
3,2,75.0,347.0,135.0,55.0,1,1,1.0
3,3,708.0,273.0,71.0,37.0,1,1,1.0
4,1,209.0,252.1,92.0,39.099999999999994,1,1,0.0
4,2,50.0,351.0,139.0,56.0,1,1,1.0
4,3,694.0,275.0,72.0,38.0,1,1,1.0
5,1,209.0,252.1,92.0,39.099999999999994,1,1,1.0
5,2,23.0,355.0,141.0,56.0,1,1,1.0
5,3,680.0,277.0,74.0,39.0,1,1,1.0
6,1,209.0,252.2,92.0,39.10000000000002,1,1,1.0
6,2,0.0,359.0,141.0,57.0,1,1,1.0
6,3,666.0,279.0,76.0,40.0,1,1,1.0
7,1,209.0,252.2,92.0,39.10000000000002,1,1,1.0
7,2,0.0,362.0,116.0,55.0,1,1,1.0
7,3,651.0,281.0,78.0,41.0,1,1,1.0
8,1,209.0,252.2,92.0,39.19999999999999,1,1,1.0
8,2,0.0,366.0,94.0,55.0,1,1,1.0
8,3,637.0,283.0,79.0,42.0,1,1,1.0
9,1,209.0,252.3,92.0,39.099999999999966,1,1,1.0
9,2,0.0,370.0,68.0,53.0,1,1,1.0
9,3,623.0,286.0,80.0,42.0,1,1,1.0
10,1,209.0,252.3,92.0,39.19999999999999,1,1,1.0
10,2,0.0,374.0,44.0,49.0,1,1,1.0
10,3,607.0,288.0,84.0,42.0,1,1,1.0
11,1,209.0,252.3,92.0,39.19999999999999,1,1,1.0
11,2,0.0,380.0,19.0,41.0,1,1,1.0
11,3,591.0,290.0,85.0,43.0,1,1,1.0
12,1,209.0,252.4,92.0,39.20000000000002,1,1,1.0
12,3,576.0,292.0,88.0,43.0,1,1,0.0
13,1,209.0,252.4,92.0,39.20000000000002,1,1,1.0
13,3,559.0,294.0,89.0,41.0,1,1,0.0
14,1,209.0,252.4,92.0,39.29999999999998,1,1,1.0
14,3,543.0,296.0,90.0,42.0,1,1,0.0
15,1,209.0,252.5,92.0,39.19999999999999,1,1,1.0
15,3,526.0,299.0,92.0,42.0,1,1,0.0
16,1,209.0,252.5,92.0,39.30000000000001,1,1,1.0
16,3,509.0,301.0,92.0,44.0,1,1,0.0
17,1,209.0,252.5,92.0,39.30000000000001,1,1,1.0
17,3,493.0,304.0,94.0,45.0,1,1,0.0
18,1,209.0,252.6,92.0,39.29999999999998,1,1,1.0
18,3,476.0,306.0,95.0,46.0,1,1,0.0
19,1,209.0,252.6,92.0,39.29999999999998,1,1,1.0
19,3,460.0,308.0,94.0,47.0,1,1,0.0
20,1,209.0,252.6,92.0,39.400000000000006,1,1,1.0
20,3,442.0,311.0,97.0,47.0,1,1,0.0
21,1,209.0,252.7,92.0,39.30000000000001,1,1,1.0
21,3,425.0,313.0,100.0,49.0,1,1,1.0
22,1,209.0,252.7,92.0,39.400000000000034,1,1,1.0
22,3,408.0,316.0,101.0,49.0,1,1,1.0
23,1,209.0,252.7,92.0,39.400000000000034,1,1,1.0
23,3,389.0,319.0,102.0,50.0,1,1,1.0
24,1,209.0,252.8,92.0,39.39999999999998,1,1,1.0
24,3,371.0,322.0,104.0,51.0,1,1,1.0
25,1,209.0,252.8,92.0,39.39999999999998,1,1,1.0
25,3,352.0,325.0,103.0,52.0,1,1,1.0
26,1,209.0,252.8,92.0,39.5,1,1,1.0
26,3,332.0,328.0,106.0,53.0,1,1,1.0
27,1,209.0,252.9,92.0,39.400000000000006,1,1,1.0
27,3,313.0,331.0,107.0,54.0,1,1,1.0
28,1,209.0,252.9,92.0,39.49999999999997,1,1,1.0
28,3,292.0,334.0,110.0,55.0,1,1,1.0
29,1,209.0,252.9,92.0,39.49999999999997,1,1,1.0
29,3,272.0,338.0,112.0,56.0,1,1,1.0
30,1,209.0,253.0,92.0,39.5,1,1,1.0
30,3,251.0,341.0,113.0,58.0,1,1,1.0
31,1,209.0,253.0,92.0,39.5,1,1,1.0
31,3,225.0,345.0,120.0,59.0,1,1,1.0
32,1,209.0,253.1,92.0,39.50000000000003,1,1,1.0
32,3,202.0,349.0,124.0,60.0,1,1,1.0
33,1,209.0,253.1,92.0,39.50000000000003,1,1,1.0
33,3,177.0,353.0,130.0,61.0,1,1,1.0
34,1,209.0,253.1,92.0,39.599999999999994,1,1,1.0
34,3,151.0,357.0,136.0,63.0,1,1,1.0
35,1,209.0,253.2,92.0,39.5,1,1,1.0
35,3,127.0,361.0,140.0,64.0,1,1,1.0
36,1,209.0,253.2,92.0,39.60000000000002,1,1,1.0
36,3,101.0,365.0,142.0,66.0,1,1,1.0
37,1,209.0,253.2,92.0,39.60000000000002,1,1,1.0
37,3,75.0,369.0,147.0,68.0,1,1,1.0
38,1,209.0,253.3,92.0,39.599999999999966,1,1,1.0
38,3,48.0,374.0,150.0,69.0,1,1,1.0
39,1,209.0,253.3,92.0,39.599999999999966,1,1,1.0
39,3,19.0,378.0,156.0,71.0,1,1,1.0
40,1,209.0,253.3,92.0,39.69999999999999,1,1,1.0
40,3,0.0,383.0,150.0,72.0,1,1,1.0
41,1,209.0,253.4,92.0,39.599999999999994,1,1,1.0
41,3,0.0,389.0,126.0,72.0,1,1,1.0
42,1,209.0,253.4,92.0,39.70000000000002,1,1,1.0
42,3,0.0,393.0,101.0,70.0,1,1,1.0
43,1,209.0,253.4,92.0,39.70000000000002,1,1,1.0
43,3,0.0,398.0,75.0,65.0,1,1,1.0
44,1,209.0,253.5,92.0,39.69999999999999,1,1,1.0
44,3,0.0,409.0,47.0,55.0,1,1,1.0
45,1,209.0,253.5,92.0,39.69999999999999,1,1,1.0
45,3,0.0,422.0,20.0,37.0,1,1,1.0
46,1,209.0,253.5,92.0,39.80000000000001,1,1,1.0
47,1,209.0,253.6,92.0,39.70000000000002,1,1,1.0
48,1,209.0,253.6,92.0,39.79999999999998,1,1,1.0
49,1,209.0,253.6,92.0,39.79999999999998,1,1,1.0
50,1,209.0,253.7,92.0,39.80000000000001,1,1,1.0
51,1,209.0,253.7,92.0,39.80000000000001,1,1,1.0
51,4,958.0,232.0,2.0,48.0,1,1,1.0
52,1,209.0,253.7,92.0,39.900000000000034,1,1,1.0
52,4,952.0,225.8,8.0,54.0,1,1,1.0
53,1,209.0,253.8,92.0,39.80000000000001,1,1,1.0
53,4,947.0,225.9,13.0,55.99999999999997,1,1,1.0
54,1,209.0,253.8,92.0,39.89999999999998,1,1,1.0
54,4,942.0,226.0,18.0,58.0,1,1,1.0
55,1,209.0,253.8,92.0,39.89999999999998,1,1,1.0
55,4,937.0,226.1,23.0,60.00000000000003,1,1,1.0
56,1,209.0,253.9,92.0,39.900000000000006,1,1,1.0
56,4,931.4,226.5,28.600000000000023,61.39999999999998,1,1,1.0
57,1,209.0,253.9,92.0,39.900000000000006,1,1,1.0
57,4,925.8,226.9,34.200000000000045,62.79999999999998,1,1,1.0
58,1,209.0,253.9,92.0,39.99999999999997,1,1,1.0
58,4,920.2,227.2,39.799999999999955,64.19999999999999,1,1,1.0
59,1,209.0,254.0,92.0,39.89999999999998,1,1,1.0
59,4,914.6,227.6,45.39999999999998,65.6,1,1,1.0
60,1,209.0,254.0,92.0,40.0,1,1,1.0
60,4,909.0,228.0,51.0,67.0,1,1,1.0
61,1,209.0,254.0,92.0,40.0,1,1,1.0
61,4,903.0,228.8,57.0,67.69999999999999,1,1,1.0
62,1,209.0,254.0,92.0,40.0,1,1,1.0
62,4,897.0,229.6,63.0,68.4,1,1,1.0
63,1,209.0,254.0,92.0,40.0,1,1,1.0
63,4,891.0,230.4,69.0,69.1,1,1,1.0
64,1,209.0,254.0,92.0,40.0,1,1,1.0
64,4,885.0,231.2,75.0,69.80000000000001,1,1,1.0
65,1,209.0,254.0,92.0,40.0,1,1,1.0
65,4,879.0,232.0,81.0,70.5,1,1,1.0
66,1,209.0,254.0,92.0,40.0,1,1,1.0
66,4,872.4,232.6,87.60000000000002,71.6,1,1,1.0
67,1,209.0,254.0,92.0,40.0,1,1,1.0
67,4,865.8,233.2,94.20000000000005,72.69999999999999,1,1,1.0
68,1,209.0,254.0,92.0,40.0,1,1,1.0
68,4,859.2,233.8,100.79999999999995,73.80000000000001,1,1,1.0
69,1,209.0,254.0,92.0,40.0,1,1,1.0
69,4,852.6,234.4,107.39999999999998,74.9,1,1,1.0
70,1,209.0,254.0,92.0,40.0,1,1,1.0
70,4,846.0,235.0,114.0,76.0,1,1,1.0
71,1,209.0,254.0,92.0,40.0,1,1,1.0
71,4,839.0,235.2,120.20000000000005,77.5,1,1,1.0
72,1,209.0,254.0,92.0,40.0,1,1,1.0
72,4,832.0,235.4,126.39999999999998,78.99999999999997,1,1,1.0
73,1,209.0,254.0,92.0,40.0,1,1,1.0
73,4,825.0,235.6,132.60000000000002,80.50000000000003,1,1,1.0
73,5,826.0,265.0,6.0,20.0,1,1,0.0
74,1,209.0,254.0,92.0,40.0,1,1,1.0
74,4,818.0,235.8,138.79999999999995,82.0,1,1,1.0
74,5,813.6,265.1,9.399999999999977,20.899999999999977,1,1,0.0
75,1,209.0,254.0,92.0,40.0,1,1,1.0
75,4,811.0,236.0,145.0,83.5,1,1,1.0
75,5,803.1,265.3,11.899999999999977,20.69999999999999,1,1,0.0
76,1,209.0,254.0,92.0,40.0,1,1,1.0
76,4,803.8,236.2,151.4000000000001,85.0,1,1,1.0
76,5,795.7,265.4,14.299999999999955,21.600000000000023,1,1,0.0
77,1,209.0,254.0,92.0,40.0,1,1,1.0
77,4,796.6,236.4,157.79999999999995,86.49999999999997,1,1,1.0
77,5,788.3,264.6,16.700000000000045,22.399999999999977,1,1,0.0
78,1,209.0,254.0,92.0,40.0,1,1,1.0
78,4,789.4,236.6,164.20000000000005,88.00000000000003,1,1,1.0
78,5,779.9,264.7,17.100000000000023,23.30000000000001,1,1,0.0
79,1,209.0,254.0,92.0,40.0,1,1,1.0
79,4,782.2,236.8,170.5999999999999,89.5,1,1,1.0
79,5,769.4,265.9,20.600000000000023,22.100000000000023,1,1,0.0
80,1,209.0,254.0,92.0,40.0,1,1,1.0
80,4,775.0,237.0,177.0,91.0,1,1,1.0
80,5,760.0,267.0,25.0,22.0,1,1,0.0
81,1,209.0,254.0,92.0,40.0,1,1,1.0
81,4,766.0,237.8,179.60000000000002,92.39999999999998,1,1,1.0
81,5,750.3,266.4,26.200000000000045,23.400000000000034,1,1,0.0
82,1,209.0,254.0,92.0,40.0,1,1,1.0
82,4,757.0,238.6,182.20000000000005,93.79999999999998,1,1,1.0
82,5,740.6,266.8,28.399999999999977,23.80000000000001,1,1,0.0
83,1,209.0,254.0,92.0,40.0,1,1,1.0
83,4,748.0,239.4,184.79999999999995,95.20000000000002,1,1,1.0
83,5,729.9,266.2,30.600000000000023,24.19999999999999,1,1,0.0
84,1,209.0,254.0,92.0,40.0,1,1,1.0
84,4,739.0,240.2,187.39999999999998,96.60000000000002,1,1,1.0
84,5,719.2,266.6,32.799999999999955,24.599999999999966,1,1,0.0
85,1,209.0,254.0,92.0,40.0,1,1,1.0
85,4,730.0,241.0,190.0,98.0,1,1,1.0
85,5,708.5,267.0,38.5,25.0,1,1,0.0
86,1,209.0,254.0,92.0,40.0,1,1,1.0
86,4,720.4,241.8,193.60000000000002,99.59999999999997,1,1,1.0
86,5,698.8,266.4,40.80000000000007,26.400000000000034,1,1,0.0
87,1,209.0,254.0,92.0,40.0,1,1,1.0
87,4,710.8,242.6,197.20000000000005,101.20000000000002,1,1,1.0
87,5,688.1,266.8,44.10000000000002,26.80000000000001,1,1,0.0
88,1,209.0,254.0,92.0,40.0,1,1,1.0
88,4,701.2,243.4,200.79999999999995,102.79999999999998,1,1,1.0
88,5,677.4,266.2,47.39999999999998,28.19999999999999,1,1,0.0
89,1,209.0,254.0,92.0,40.0,1,1,1.0
89,4,691.6,244.2,204.39999999999998,104.40000000000003,1,1,1.0
89,5,665.7,266.6,51.69999999999993,28.599999999999966,1,1,0.0
90,1,209.0,254.0,92.0,40.0,1,1,1.0
90,4,682.0,245.0,208.0,106.0,1,1,1.0
90,5,654.0,267.0,56.0,28.0,1,1,0.0
91,1,209.0,254.1,92.0,39.900000000000006,1,1,1.0
91,4,669.7,245.6,212.69999999999993,107.79999999999998,1,1,1.0
91,5,642.0,266.8,59.200000000000045,28.80000000000001,1,1,0.0
92,1,209.0,254.1,92.0,40.00000000000003,1,1,1.0
92,4,657.4,246.2,217.39999999999998,109.60000000000002,1,1,1.0
92,5,630.0,267.6,62.39999999999998,28.599999999999966,1,1,0.0
93,1,209.0,254.2,92.0,39.900000000000034,1,1,1.0
93,4,645.1,246.8,222.10000000000002,111.39999999999998,1,1,1.0
93,5,618.0,267.4,65.60000000000002,30.400000000000034,1,1,0.0
94,1,209.0,254.3,92.0,39.80000000000001,1,1,1.0
94,4,632.8,247.4,226.80000000000007,113.20000000000002,1,1,1.0
94,5,605.0,268.2,69.79999999999995,30.19999999999999,1,1,0.0
95,1,209.0,254.3,92.0,39.89999999999998,1,1,1.0
95,4,620.5,248.0,231.5,115.0,1,1,1.0
95,5,593.0,268.0,73.0,31.0,1,1,0.0
96,1,209.0,254.4,92.0,39.79999999999998,1,1,1.0
96,4,608.2,248.6,236.5999999999999,116.79999999999998,1,1,1.0
96,5,581.0,268.8,74.0,30.80000000000001,1,1,0.0
96,6,816.0,249.0,44.0,28.0,1,1,0.0
97,1,209.0,254.5,92.0,39.69999999999999,1,1,1.0
97,4,595.9,249.2,241.70000000000005,118.60000000000002,1,1,1.0
97,5,567.0,268.6,77.0,31.599999999999966,1,1,0.0
97,6,803.0,249.2,46.0,25.80000000000001,1,1,0.0
98,1,209.0,254.5,92.0,39.80000000000001,1,1,1.0
98,4,583.6,249.8,246.79999999999995,120.39999999999998,1,1,0.0
98,5,554.0,269.4,79.0,31.400000000000034,1,1,0.0
98,6,789.0,249.5,49.0,23.5,1,1,0.0
99,1,209.0,254.6,92.0,39.70000000000002,1,1,1.0
99,4,571.3,250.4,251.9000000000001,122.20000000000002,1,1,0.0
99,5,541.0,270.2,81.0,31.19999999999999,1,1,0.0
99,6,775.0,249.8,52.0,21.19999999999999,1,1,0.0
100,1,209.0,254.7,92.0,39.60000000000002,1,1,1.0
100,4,559.0,251.0,257.0,124.0,1,1,0.0
100,5,527.0,270.0,84.0,32.0,1,1,0.0
100,6,757.0,250.0,59.0,19.0,1,1,0.0
101,1,209.0,254.7,92.0,39.69999999999999,1,1,1.0
101,4,546.0,253.6,260.0,125.6,1,1,0.0
101,5,514.0,270.9,84.79999999999995,32.5,1,1,0.0
101,6,744.0,250.4,61.0,16.599999999999994,1,1,0.0
102,1,209.0,254.8,92.0,39.599999999999966,1,1,1.0
102,4,533.0,256.2,263.0,127.19999999999999,1,1,0.0
102,5,500.0,270.8,86.60000000000002,34.0,1,1,0.0
102,6,732.0,250.8,63.0,15.199999999999989,1,1,0.0
103,1,209.0,254.9,92.0,39.49999999999997,1,1,1.0
103,4,520.0,258.8,266.0,128.8,1,1,0.0
103,5,486.0,271.7,88.39999999999998,34.5,1,1,0.0
103,6,711.0,251.2,72.0,11.400000000000034,1,1,0.0
103,7,958.0,240.0,2.0,24.0,1,1,1.0
104,1,209.0,254.9,92.0,39.599999999999994,1,1,0.0
104,4,507.0,261.4,269.0,130.40000000000003,1,1,0.0
104,5,472.0,271.6,90.20000000000005,36.0,1,1,0.0
104,6,697.0,251.6,77.0,13.200000000000017,1,1,0.0
104,7,953.0,219.0,7.0,46.0,1,1,1.0
105,1,209.0,255.0,92.0,39.5,1,1,0.0
105,4,494.0,264.0,272.0,132.0,1,1,0.0
105,5,458.0,272.5,92.0,36.5,1,1,0.0
105,6,682.0,252.0,83.0,15.0,1,1,0.0
105,7,949.0,217.0,11.0,50.0,1,1,1.0
106,1,209.0,255.1,92.0,39.400000000000006,1,1,0.0
106,4,477.6,265.8,279.19999999999993,134.59999999999997,1,1,0.0
106,5,444.0,272.4,95.0,38.0,1,1,0.0
106,6,670.0,252.8,84.79999999999995,17.399999999999977,1,1,0.0
106,7,945.0,217.0,15.0,50.0,1,1,1.0
107,1,209.0,255.1,92.0,39.50000000000003,1,1,0.0
107,4,461.2,267.6,286.40000000000003,137.2,1,1,0.0
107,5,430.0,273.3,98.0,38.5,1,1,0.0
107,6,655.0,253.6,89.60000000000002,19.799999999999983,1,1,0.0
107,7,940.2,217.2,19.799999999999955,50.60000000000002,1,1,1.0
108,1,209.0,255.2,92.0,39.400000000000034,1,1,0.0
108,4,444.8,269.4,293.59999999999997,139.8,1,1,0.0
108,5,416.0,274.2,101.0,39.0,1,1,0.0
108,6,640.0,254.4,94.39999999999998,22.200000000000017,1,1,0.0
108,7,935.5,217.5,24.5,51.0,1,1,1.0
109,1,209.0,255.3,92.0,39.30000000000001,1,1,0.0
109,4,428.4,271.2,300.80000000000007,142.40000000000003,1,1,0.0
109,5,402.0,274.1,104.0,40.5,1,1,0.0
109,6,626.0,255.2,98.20000000000005,24.600000000000023,1,1,0.0
109,7,930.8,217.8,29.200000000000045,51.39999999999998,1,1,1.0
110,1,209.0,255.3,92.0,39.39999999999998,1,1,0.0
110,4,412.0,273.0,308.0,145.0,1,1,0.0
110,5,388.0,275.0,107.0,40.0,1,1,0.0
110,6,612.0,256.0,102.0,27.0,1,1,0.0
110,7,926.0,218.0,34.0,52.0,1,1,1.0
111,1,209.0,255.4,92.0,39.29999999999998,1,1,0.0
111,4,393.6,276.0,315.0,147.0,1,1,0.0
111,5,374.0,275.4,107.0,40.400000000000034,1,1,0.0
111,6,599.0,256.8,102.20000000000005,28.399999999999977,1,1,0.0
111,7,921.2,218.2,38.799999999999955,52.400000000000034,1,1,1.0
112,1,209.0,255.5,92.0,39.19999999999999,1,1,0.0
112,4,375.2,279.0,322.00000000000006,149.0,1,1,0.0
112,5,360.0,276.8,107.0,39.80000000000001,1,1,0.0
112,6,585.0,257.6,103.39999999999998,29.799999999999955,1,1,0.0
112,7,916.4,218.4,43.60000000000002,52.79999999999998,1,1,1.0
113,1,209.0,255.5,92.0,39.30000000000001,1,1,0.0
113,4,356.8,282.0,328.99999999999994,151.0,1,1,0.0
113,5,347.0,278.2,107.0,40.19999999999999,1,1,0.0
113,6,580.0,258.4,95.60000000000002,31.200000000000045,1,1,0.0
113,7,911.6,218.6,48.39999999999998,53.20000000000002,1,1,1.0
114,1,209.0,255.6,92.0,39.20000000000002,1,1,0.0
114,4,338.4,285.0,336.0,153.0,1,1,0.0
114,5,331.0,278.6,109.0,40.599999999999966,1,1,0.0
114,6,566.0,259.2,96.79999999999995,32.60000000000002,1,1,0.0
114,7,906.8,218.8,53.200000000000045,53.599999999999966,1,1,1.0
115,1,209.0,255.7,92.0,39.10000000000002,1,1,0.0
115,4,320.0,288.0,343.0,155.0,1,1,0.0
115,5,315.0,280.0,110.0,40.0,1,1,0.0
115,6,552.0,260.0,98.0,34.0,1,1,0.0
115,7,902.0,219.0,58.0,54.0,1,1,1.0
116,1,209.0,255.7,92.0,39.19999999999999,1,1,0.0
116,4,300.2,290.8,352.59999999999997,157.59999999999997,1,1,0.0
116,5,299.0,281.4,112.0,39.400000000000034,1,1,0.0
116,6,539.0,261.2,97.79999999999995,34.19999999999999,1,1,0.0
116,7,897.0,219.2,62.200000000000045,54.60000000000002,1,1,1.0
117,1,209.0,255.8,92.0,39.099999999999966,1,1,0.0
117,4,280.4,293.6,362.20000000000005,160.2,1,1,0.0
117,5,284.0,282.8,112.0,39.80000000000001,1,1,0.0
117,6,524.0,262.4,99.60000000000002,34.400000000000034,1,1,0.0
117,7,892.0,219.4,66.39999999999998,55.20000000000002,1,1,1.0
118,1,209.0,255.9,92.0,38.99999999999997,1,1,0.0
118,4,260.6,296.4,371.79999999999995,162.8,1,1,0.0
118,5,269.0,284.2,112.0,40.19999999999999,1,1,0.0
118,6,510.0,263.6,100.39999999999998,34.599999999999966,1,1,0.0
118,7,887.0,219.6,70.60000000000002,55.79999999999998,1,1,1.0
119,1,209.0,255.9,92.0,39.099999999999994,1,1,0.0
119,4,240.8,299.2,381.40000000000003,165.40000000000003,1,1,0.0
119,5,253.0,285.6,114.0,39.599999999999966,1,1,0.0
119,6,496.0,264.8,101.20000000000005,34.80000000000001,1,1,0.0
119,7,882.0,219.8,74.79999999999995,56.39999999999998,1,1,1.0
120,1,209.0,256.0,92.0,39.0,1,1,0.0
120,4,221.0,302.0,391.0,168.0,1,1,0.0
120,5,238.0,287.0,115.0,39.0,1,1,0.0
120,6,482.0,266.0,102.0,35.0,1,1,0.0
120,7,877.0,220.0,79.0,57.0,1,1,1.0
121,1,209.0,256.0,92.0,39.0,1,1,0.0
121,4,200.0,305.1,398.0,170.89999999999998,1,1,0.0
121,5,222.0,288.2,116.0,40.0,1,1,0.0
121,6,467.0,266.8,104.0,36.39999999999998,1,1,0.0
121,7,871.2,220.2,80.29999999999995,57.30000000000001,1,1,1.0
122,1,209.0,256.0,92.0,39.0,1,1,0.0
122,4,176.0,307.2,407.0,172.8,1,1,0.0
122,5,205.0,289.4,118.0,40.0,1,1,0.0
122,6,453.0,267.6,105.0,37.799999999999955,1,1,0.0
122,7,865.5,220.5,81.5,57.5,1,1,1.0
123,1,209.0,256.1,92.0,38.89999999999998,1,1,0.0
123,4,149.0,310.3,419.0,174.7,1,1,0.0
123,5,188.0,290.6,119.0,40.0,1,1,0.0
123,6,438.0,268.4,107.0,39.200000000000045,1,1,0.0
123,7,859.8,220.8,82.70000000000005,57.69999999999999,1,1,1.0
124,1,209.0,256.1,92.0,38.89999999999998,1,1,0.0
124,4,124.0,312.4,428.0,178.60000000000002,1,1,0.0
124,5,171.0,291.8,120.0,41.0,1,1,0.0
124,6,423.0,269.2,109.0,40.60000000000002,1,1,0.0
124,7,854.0,221.0,84.0,58.0,1,1,1.0
125,1,209.0,256.1,92.0,38.89999999999998,1,1,0.0
125,4,95.0,315.5,443.0,181.5,1,1,0.0
125,5,153.0,293.0,123.0,41.0,1,1,0.0
125,6,408.0,270.0,111.0,42.0,1,1,0.0
125,7,848.8,221.2,83.40000000000009,58.60000000000002,1,1,1.0
126,1,209.0,256.1,92.0,38.89999999999998,1,1,0.0
126,4,72.0,317.6,450.0,185.39999999999998,1,1,0.0
126,5,135.0,294.2,125.0,42.0,1,1,0.0
126,6,394.0,271.2,111.19999999999999,42.60000000000002,1,1,0.0
126,7,843.5,221.5,83.0,59.0,1,1,1.0
127,1,209.0,256.1,92.0,38.89999999999998,1,1,0.0
127,4,43.0,320.7,464.0,189.3,1,1,0.0
127,5,117.0,295.4,127.0,42.0,1,1,0.0
127,6,379.0,272.4,112.39999999999998,43.200000000000045,1,1,0.0
127,7,838.2,221.8,82.59999999999991,59.39999999999998,1,1,1.0
128,1,209.0,256.2,92.0,38.80000000000001,1,1,0.0
128,4,15.0,322.8,478.0,193.2,1,1,0.0
128,5,97.0,296.6,129.0,42.0,1,1,0.0
128,6,364.0,273.6,113.60000000000002,43.799999999999955,1,1,0.0
128,7,833.0,222.0,82.0,60.0,1,1,1.0
129,1,209.0,256.2,92.0,38.80000000000001,1,1,0.0
129,4,0.0,325.9,477.0,197.10000000000002,1,1,0.0
129,5,78.0,297.8,130.0,43.0,1,1,0.0
129,6,349.0,274.8,114.80000000000001,44.39999999999998,1,1,0.0
129,7,826.8,222.2,82.20000000000005,60.60000000000002,1,1,1.0
130,1,209.0,256.2,92.0,38.80000000000001,1,1,0.0
130,4,0.0,329.0,463.0,201.0,1,1,0.0
130,5,58.0,299.0,132.0,44.0,1,1,1.0
130,6,334.0,276.0,116.0,45.0,1,1,0.0
130,7,820.5,222.5,82.5,61.0,1,1,1.0
131,1,209.0,256.2,92.0,38.80000000000001,1,1,0.0
131,4,0.0,331.2,447.0,205.8,1,1,0.0
131,5,39.0,300.0,134.0,44.19999999999999,1,1,1.0
131,6,319.0,277.2,116.80000000000001,45.19999999999999,1,1,0.0
131,7,814.2,222.8,82.79999999999995,61.39999999999998,1,1,1.0
132,1,209.0,256.2,92.0,38.80000000000001,1,1,0.0
132,4,0.0,334.4,431.0,205.60000000000002,1,1,0.0
132,5,19.0,301.0,134.0,45.39999999999998,1,1,1.0
132,6,304.0,278.4,117.60000000000002,45.400000000000034,1,1,0.0
132,7,808.0,223.0,83.0,62.0,1,1,1.0
133,1,209.0,256.3,92.0,38.69999999999999,1,1,0.0
133,4,0.0,337.3,414.7,202.7,1,1,0.0
133,5,0.0,302.0,133.0,45.69999999999999,1,1,1.0
133,6,289.0,279.6,118.39999999999998,45.599999999999966,1,1,0.0
133,7,801.0,223.2,84.5,62.30000000000001,1,1,1.0
133,8,689.0,536.0,47.0,4.0,1,1,1.0
134,1,209.0,256.3,92.0,38.69999999999999,1,1,0.0
134,4,0.0,340.1,398.3,199.89999999999998,1,1,0.0
134,5,0.0,303.0,115.0,45.89999999999998,1,1,1.0
134,6,274.0,280.8,119.19999999999999,45.80000000000001,1,1,0.0
134,7,794.0,223.5,86.0,62.5,1,1,1.0
134,8,686.0,529.0,84.0,11.0,1,1,1.0
135,1,209.0,256.3,92.0,38.69999999999999,1,1,0.0
135,4,0.0,343.0,382.0,197.0,1,1,0.0
135,5,0.0,304.0,94.0,47.10000000000002,1,1,1.0
135,6,257.0,282.0,122.0,46.0,1,1,0.0
135,7,787.0,223.8,87.5,62.69999999999999,1,1,1.0
135,8,694.0,523.0,106.0,17.0,1,1,1.0
136,1,209.0,256.3,92.0,38.69999999999999,1,1,0.0
136,4,0.0,345.8,363.4,194.2,1,1,0.0
136,5,0.0,305.0,76.0,47.30000000000001,1,1,1.0
136,6,243.0,282.8,120.60000000000002,46.39999999999998,1,1,0.0
136,7,780.0,224.0,89.0,63.0,1,1,1.0
136,8,702.0,517.0,113.0,23.0,1,1,1.0
137,1,209.0,256.3,92.0,38.69999999999999,1,1,0.0
137,4,0.0,348.6,344.8,191.39999999999998,1,1,0.0
137,5,0.0,306.0,58.0,46.60000000000002,1,1,1.0
137,6,227.0,283.6,121.19999999999999,46.799999999999955,1,1,0.0
137,7,773.0,224.5,89.5,63.30000000000001,1,1,1.0
137,8,709.0,511.0,119.0,29.0,1,1,1.0
138,1,209.0,256.4,92.0,38.60000000000002,1,1,0.0
138,4,0.0,351.4,326.2,188.60000000000002,1,1,0.0
138,5,0.0,307.0,40.0,44.80000000000001,1,1,1.0
138,6,209.0,284.4,123.80000000000001,47.200000000000045,1,1,0.0
138,7,766.0,225.0,90.0,63.5,1,1,1.0
138,8,717.0,505.0,121.0,35.0,1,1,1.0
139,1,209.0,256.4,92.0,38.60000000000002,1,1,0.0
139,4,0.0,354.2,307.6,185.8,1,1,0.0
139,5,0.0,314.0,20.0,37.0,1,1,1.0
139,6,192.0,285.2,125.39999999999998,47.60000000000002,1,1,0.0
139,7,759.0,225.5,90.5,63.69999999999999,1,1,1.0
139,8,722.0,499.0,128.0,41.0,1,1,1.0
140,1,209.0,256.4,92.0,38.60000000000002,1,1,0.0
140,4,0.0,357.0,289.0,183.0,1,1,0.0
140,6,175.0,286.0,127.0,48.0,1,1,0.0
140,7,752.0,226.0,91.0,64.0,1,1,1.0
140,8,730.0,493.0,129.0,47.0,1,1,1.0
141,1,209.0,256.4,92.0,38.60000000000002,1,1,0.0
141,4,0.0,361.6,264.4,178.39999999999998,1,1,0.0
141,6,157.0,286.8,128.39999999999998,48.80000000000001,1,1,0.0
141,7,744.2,226.2,92.29999999999995,64.30000000000001,1,1,1.0
141,8,737.0,488.0,131.0,52.0,1,1,1.0
142,1,209.0,256.4,92.0,38.60000000000002,1,1,0.0
142,4,0.0,366.2,239.8,173.8,1,1,0.0
142,6,138.0,287.6,130.8,49.599999999999966,1,1,0.0
142,7,736.5,226.5,93.5,64.5,1,1,1.0
142,8,746.0,482.0,131.0,58.0,1,1,1.0
143,1,209.0,256.5,92.0,38.5,1,1,0.0
143,4,0.0,370.8,215.2,169.2,1,1,0.0
143,6,120.0,288.4,132.2,50.400000000000034,1,1,0.0
143,7,728.8,226.8,94.70000000000005,64.69999999999999,1,1,1.0
143,8,754.0,477.0,132.0,63.0,1,1,1.0
144,1,209.0,256.5,92.0,38.5,1,1,0.0
144,4,0.0,375.4,190.6,164.60000000000002,1,1,0.0
144,6,102.0,289.2,133.6,51.19999999999999,1,1,1.0
144,7,721.0,227.0,96.0,65.0,1,1,1.0
144,8,764.0,472.0,130.0,68.0,1,1,1.0
145,1,209.0,256.5,92.0,38.5,1,1,0.0
145,4,0.0,380.0,166.0,160.0,1,1,0.0
145,6,82.0,290.0,137.0,52.0,1,1,1.0
145,7,712.5,227.5,97.29999999999995,65.30000000000001,1,1,1.0
145,8,778.0,467.0,124.0,73.0,1,1,1.0
146,1,209.0,256.5,92.0,38.5,1,1,1.0
146,4,0.0,385.0,141.3,155.0,1,1,0.0
146,6,65.0,290.6,137.0,53.0,1,1,1.0
146,7,704.0,228.0,98.5,65.5,1,1,1.0
146,8,787.0,462.0,123.0,78.0,1,1,1.0
147,1,209.0,256.5,92.0,38.5,1,1,1.0
147,4,0.0,390.0,116.7,150.0,1,1,0.0
147,6,47.0,291.2,138.0,54.0,1,1,1.0
147,7,695.5,228.5,99.70000000000005,65.69999999999999,1,1,1.0
147,8,796.0,457.0,122.0,83.0,1,1,1.0
148,1,209.0,256.6,92.0,38.39999999999998,1,1,1.0
148,4,0.0,395.0,92.0,145.0,1,1,0.0
148,6,29.0,291.8,139.0,55.0,1,1,1.0
148,7,687.0,229.0,101.0,66.0,1,1,1.0
148,8,805.0,452.0,120.0,80.0,1,1,1.0
149,1,209.0,256.6,92.0,38.39999999999998,1,1,1.0
149,4,0.0,401.0,65.0,139.0,1,1,0.0
149,6,10.0,292.4,141.0,56.0,1,1,1.0
149,7,677.8,229.5,102.70000000000005,66.5,1,1,1.0
149,8,814.0,447.0,118.0,80.0,1,1,1.0
150,1,209.0,256.6,92.0,38.39999999999998,1,1,1.0
150,4,0.0,407.0,42.0,133.0,1,1,0.0
150,6,0.0,293.0,134.0,57.0,1,1,1.0
150,7,668.5,230.0,104.5,67.0,1,1,1.0
150,8,822.0,442.0,116.0,80.0,1,1,1.0
151,1,209.0,256.6,92.0,38.39999999999998,1,1,1.0
151,4,0.0,413.0,18.0,127.0,1,1,0.0
151,6,0.0,293.6,115.8,56.599999999999966,1,1,1.0
151,7,659.2,230.5,106.29999999999995,67.5,1,1,1.0
151,8,830.0,438.0,114.0,80.0,1,1,1.0
152,1,209.0,256.6,92.0,38.39999999999998,1,1,1.0
152,6,0.0,294.2,97.6,56.19999999999999,1,1,1.0
152,7,650.0,231.0,108.0,68.0,1,1,1.0
152,8,838.0,434.0,112.0,80.0,1,1,1.0
153,1,209.0,256.7,92.0,38.30000000000001,1,1,1.0
153,6,0.0,294.8,79.4,55.80000000000001,1,1,1.0
153,7,640.5,231.2,109.5,68.60000000000002,1,1,1.0
153,8,846.0,430.0,110.0,76.0,1,1,1.0
154,1,209.0,256.7,92.0,38.30000000000001,1,1,1.0
154,6,0.0,295.4,61.2,55.400000000000034,1,1,1.0
154,7,631.0,231.5,111.0,69.0,1,1,1.0
154,8,853.0,426.0,107.0,75.0,1,1,1.0
155,1,209.0,256.7,92.0,38.30000000000001,1,1,1.0
155,6,0.0,296.0,43.0,55.0,1,1,1.0
155,7,621.5,231.8,112.5,69.39999999999998,1,1,1.0
155,8,861.0,422.0,99.0,74.0,1,1,1.0
156,1,209.0,256.7,92.0,38.30000000000001,1,1,1.0
156,6,0.0,298.0,25.0,52.0,1,1,1.0
156,7,612.0,232.0,114.0,70.0,1,1,1.0
156,8,869.0,418.0,91.0,73.0,1,1,1.0
157,1,209.0,256.7,92.0,38.30000000000001,1,1,1.0
157,6,0.0,300.0,6.0,43.0,1,1,1.0
157,7,602.0,232.5,115.0,70.30000000000001,1,1,1.0
157,8,876.0,415.0,84.0,71.0,1,1,1.0
158,1,209.0,256.8,92.0,38.19999999999999,1,1,1.0
158,7,592.0,233.0,116.0,70.5,1,1,1.0
158,8,882.0,411.0,78.0,70.0,1,1,1.0
159,1,209.0,256.8,92.0,38.19999999999999,1,1,1.0
159,7,582.0,233.5,117.0,70.69999999999999,1,1,1.0
159,8,889.0,408.0,71.0,68.0,1,1,1.0
160,1,209.0,256.8,92.0,38.19999999999999,1,1,1.0
160,7,572.0,234.0,118.0,71.0,1,1,1.0
160,8,895.0,405.0,65.0,66.0,1,1,1.0
161,1,209.0,256.8,92.0,38.19999999999999,1,1,1.0
161,7,561.5,234.5,119.29999999999995,71.30000000000001,1,1,1.0
161,8,901.0,401.0,59.0,65.0,1,1,1.0
162,1,209.0,256.8,92.0,38.19999999999999,1,1,1.0
162,7,551.0,235.0,120.5,71.5,1,1,1.0
162,8,908.0,398.0,52.0,63.0,1,1,1.0
163,1,209.0,256.9,92.0,38.10000000000002,1,1,1.0
163,7,540.5,235.5,121.70000000000005,71.69999999999999,1,1,1.0
163,8,914.0,395.0,46.0,61.0,1,1,1.0
164,1,209.0,256.9,92.0,38.10000000000002,1,1,1.0
164,7,530.0,236.0,123.0,72.0,1,1,0.0
164,8,920.0,392.0,40.0,60.0,1,1,1.0
165,1,209.0,256.9,92.0,38.10000000000002,1,1,1.0
165,7,518.8,236.5,124.40000000000009,72.5,1,1,0.0
165,8,926.0,390.0,34.0,57.0,1,1,1.0
166,1,209.0,256.9,92.0,38.10000000000002,1,1,1.0
166,7,507.5,237.0,126.0,73.0,1,1,0.0
166,8,932.0,387.0,28.0,55.0,1,1,1.0
167,1,209.0,256.9,92.0,38.10000000000002,1,1,1.0
167,7,496.2,237.5,127.59999999999997,73.5,1,1,0.0
167,8,937.0,385.0,23.0,53.0,1,1,1.0
168,1,209.0,257.0,92.0,38.0,1,1,1.0
168,7,485.0,238.0,129.0,74.0,1,1,0.0
168,8,943.0,393.0,17.0,45.0,1,1,1.0
169,1,209.0,257.0,92.0,38.0,1,1,1.0
169,7,474.0,238.5,129.79999999999995,74.30000000000001,1,1,0.0
169,8,949.0,399.0,11.0,36.0,1,1,1.0
170,1,209.0,257.0,92.0,38.0,1,1,1.0
170,7,463.0,239.0,130.5,74.5,1,1,0.0
170,8,954.0,403.0,6.0,28.0,1,1,1.0
171,1,209.0,257.1,92.0,37.89999999999998,1,1,1.0
171,7,452.0,239.5,131.20000000000005,74.69999999999999,1,1,0.0
171,8,958.0,401.0,2.0,20.0,1,1,1.0
172,1,209.0,257.1,92.0,37.89999999999998,1,1,1.0
172,7,441.0,240.0,132.0,75.0,1,1,0.0
173,1,209.0,257.1,92.0,37.89999999999998,1,1,1.0
173,7,429.5,240.5,132.5,75.5,1,1,0.0
174,1,209.0,257.2,92.0,37.80000000000001,1,1,1.0
174,7,418.0,241.0,133.0,76.0,1,1,0.0
175,1,209.0,257.2,92.0,37.80000000000001,1,1,1.0
175,7,406.5,241.5,133.5,76.5,1,1,0.0
176,1,209.0,257.3,92.0,37.69999999999999,1,1,1.0
176,7,397.0,240.0,132.0,74.0,1,1,1.0
177,1,209.0,257.4,92.0,37.60000000000002,1,1,1.0
177,7,385.2,240.5,133.00000000000006,74.5,1,1,1.0
178,1,209.0,257.4,92.0,37.60000000000002,1,1,1.0
178,7,373.5,241.0,134.0,75.0,1,1,0.0
179,1,209.0,257.4,92.0,37.60000000000002,1,1,1.0
179,7,361.8,241.5,135.0,75.5,1,1,0.0
180,1,209.0,257.5,92.0,37.5,1,1,1.0
180,7,350.0,242.0,136.0,76.0,1,1,0.0
181,1,209.0,257.6,92.0,37.39999999999998,1,1,1.0
181,7,337.8,242.5,137.7,76.30000000000001,1,1,0.0
182,1,209.0,257.6,92.0,37.39999999999998,1,1,1.0
182,7,325.5,243.0,139.5,76.5,1,1,0.0
183,1,209.0,257.6,92.0,37.39999999999998,1,1,1.0
183,7,313.2,243.5,141.3,76.69999999999999,1,1,0.0
184,1,209.0,257.7,92.0,37.30000000000001,1,1,1.0
184,7,301.0,244.0,143.0,77.0,1,1,0.0
185,1,209.0,257.8,92.0,37.19999999999999,1,1,0.0
185,7,288.8,244.5,144.39999999999998,77.5,1,1,0.0
186,1,209.0,257.8,90.0,37.19999999999999,1,1,0.0
186,7,276.5,245.0,146.0,78.0,1,1,0.0
187,1,209.0,257.9,85.0,37.10000000000002,1,1,0.0
187,7,264.2,245.5,147.60000000000002,78.5,1,1,0.0
188,1,209.0,257.9,72.0,37.10000000000002,1,1,0.0
188,7,252.0,246.0,149.0,79.0,1,1,0.0
189,1,209.0,257.9,60.0,37.10000000000002,1,1,0.0
189,7,239.5,246.5,150.5,79.5,1,1,0.0
190,1,209.0,258.0,48.0,37.0,1,1,0.0
190,7,227.0,247.0,152.0,80.0,1,1,0.0
